# arial 1024x1024 124 9:7 6 33-123 
textureW = 1024
textureH = 1024
kernBoxes = 6
charHeight = 137
firstCharID = 33
lastCharID = 122
spaceWidth = 36
spacing = 8
# CHAR=minX minY maxX maxY [kernMin(1) kernMax(1) ... kernMin(kernBoxes) kernMax(kernBoxes)]
\!=0 0 32 137 9 23 9 23 10 22 12 20 10 22 16 16
"=32 0 83 137 9 42 9 42 12 39 25 25 25 25 25 25
\#=83 0 167 137 31 70 9 75 9 75 9 75 14 54 42 42
$=167 0 244 137 16 61 11 65 12 65 9 68 12 65 35 42
%=244 0 357 137 13 85 9 81 10 100 36 104 28 103 56 56
&=357 0 449 137 24 59 20 63 12 77 9 76 12 83 46 46
'=449 0 479 137 9 21 9 21 12 19 15 15 15 15 15 15
(=479 0 526 137 25 38 14 34 9 24 9 22 11 30 20 38
)=526 0 573 137 9 23 14 34 23 38 25 38 18 36 9 27
*=573 0 631 137 25 34 9 49 14 45 29 29 29 29 29 29
+=631 0 708 137 38 38 34 44 9 68 34 44 38 38 38 38
,=708 0 739 137 15 15 15 15 15 15 15 15 10 22 9 20
-=739 0 790 137 25 25 25 25 9 42 9 42 25 25 25 25
.=790 0 820 137 15 15 15 15 15 15 15 15 9 21 15 15
/=820 0 872 137 32 43 26 41 19 34 13 28 9 21 26 26
0=872 0 947 137 20 56 10 66 9 66 9 66 14 61 37 37
1=947 0 998 137 30 42 9 42 9 42 31 42 31 42 25 25
2=0 137 77 274 20 60 11 68 36 67 13 51 9 68 38 38
3=77 137 153 274 18 55 10 62 30 65 9 67 12 63 38 38
4=153 137 232 274 45 58 29 58 13 58 9 70 48 58 39 39
5=232 137 308 274 18 63 14 63 11 67 9 67 12 63 38 38
6=308 137 385 274 22 59 11 66 9 67 9 68 15 64 38 38
7=385 137 461 274 9 67 9 67 29 52 23 41 22 35 38 38
8=461 137 537 274 19 57 12 63 11 65 9 67 12 64 38 38
9=537 137 613 274 18 56 9 66 9 67 10 67 12 61 38 38
\:=613 137 643 274 15 15 9 21 9 21 15 15 9 21 15 15
;=643 137 674 274 15 15 10 22 10 22 15 15 10 22 9 20
<=674 137 751 274 38 38 33 68 9 58 16 68 38 38 38 38
\==751 137 828 274 38 38 9 68 9 68 9 68 38 38 38 38
>=828 137 905 274 38 38 9 44 19 68 9 62 38 38 38 38
?=905 137 980 274 16 60 9 66 34 65 32 46 31 44 37 37
@=0 274 133 411 37 100 17 118 10 121 9 120 11 124 24 115
A=133 274 234 411 41 59 32 68 23 78 14 87 9 92 50 50
B=234 274 319 411 9 64 9 71 9 73 9 76 9 72 42 42
C=319 274 415 411 25 75 10 86 9 23 9 87 18 80 48 48
D=415 274 506 411 9 67 9 81 9 82 9 82 9 73 45 45
E=506 274 590 411 9 73 9 73 9 70 9 21 9 75 42 42
F=590 274 667 411 9 68 9 68 9 62 9 20 9 20 38 38
G=667 274 767 411 26 80 11 90 9 91 10 91 20 91 50 50
H=767 274 854 411 9 78 9 78 9 78 9 78 9 78 43 43
I=854 274 884 411 9 21 9 21 9 21 9 21 9 21 15 15
J=884 274 951 411 46 58 46 58 46 58 9 58 11 56 33 33
K=0 411 91 548 9 80 9 73 9 55 9 72 9 82 45 45
L=91 411 164 548 9 20 9 20 9 20 9 20 9 64 36 36
M=164 411 266 548 9 93 9 93 9 93 9 93 9 93 51 51
N=266 411 354 548 9 79 9 79 9 79 9 79 9 79 44 44
O=354 411 456 548 25 77 10 92 9 93 9 93 19 83 51 51
P=456 411 542 548 9 69 9 77 9 77 9 21 9 21 43 43
Q=542 411 646 548 25 77 11 92 9 94 10 93 19 95 52 52
R=646 411 742 548 9 73 9 80 9 80 9 79 9 87 48 48
S=742 411 831 548 19 69 13 77 14 77 9 80 14 76 44 44
T=831 411 920 548 9 80 9 80 39 50 39 50 39 50 44 44
U=920 411 1008 548 9 79 9 79 9 79 9 79 14 74 44 44
V=0 548 99 685 9 90 12 88 21 78 30 69 38 61 49 49
W=99 548 231 685 9 123 11 121 17 115 23 109 29 102 66 66
X=231 548 330 685 13 88 18 83 35 66 19 81 9 90 49 49
Y=330 548 429 685 9 90 13 86 29 70 43 55 43 55 49 49
Z=429 548 517 685 14 78 14 78 29 62 11 43 9 79 44 44
[=517 548 559 685 9 33 9 33 9 20 9 20 9 20 9 33
\\=559 548 611 685 9 20 11 26 17 32 24 39 30 43 26 26
]=611 548 653 685 9 33 9 33 22 33 22 33 22 33 9 33
^=653 548 722 685 27 42 16 53 9 60 34 34 34 34 34 34
_=722 548 812 685 45 45 45 45 45 45 45 45 45 45 9 81
`=812 548 853 685 9 27 15 32 20 20 20 20 20 20 20 20
a=853 548 930 685 38 38 18 61 11 65 9 65 9 68 38 38
b=930 548 1003 685 9 19 9 55 9 64 9 64 9 60 36 36
c=0 685 74 822 37 37 19 57 10 64 9 65 13 63 37 37
d=74 685 147 822 54 64 18 64 9 64 9 64 13 64 36 36
e=147 685 224 822 38 38 20 58 9 68 9 68 13 66 38 38
f=224 685 279 822 20 46 9 45 9 42 18 29 18 29 27 27
g=279 685 353 822 37 37 19 65 9 65 9 65 11 65 11 63
h=353 685 423 822 9 20 9 56 9 61 9 61 9 61 35 35
i=423 685 452 822 9 20 9 20 9 20 9 20 9 20 14 14
j=452 685 494 822 23 33 23 33 23 33 23 33 22 33 9 33
k=494 685 565 822 9 20 9 59 9 54 9 53 9 62 35 35
l=565 685 593 822 9 19 9 19 9 19 9 19 9 19 14 14
m=593 685 698 822 52 52 9 92 9 96 9 96 9 96 52 52
n=698 685 768 822 35 35 9 56 9 61 9 61 9 61 35 35
o=768 685 846 822 39 39 19 58 9 69 9 69 13 65 39 39
p=846 685 919 822 36 36 9 55 9 64 9 64 9 60 9 20
q=919 685 993 822 37 37 18 65 9 65 9 65 13 65 54 65
r=0 822 52 959 26 26 9 43 9 42 9 19 9 19 26 26
s=52 822 124 959 36 36 16 55 11 60 9 63 11 62 36 36
t=124 822 173 959 20 27 9 38 9 38 17 28 17 40 24 24
u=173 822 243 959 35 35 9 61 9 61 9 61 9 61 35 35
v=243 822 320 959 38 38 9 68 11 66 20 57 29 49 38 38
w=320 822 426 959 53 53 9 97 11 95 18 88 25 81 53 53
x=426 822 504 959 39 39 10 67 14 63 18 59 9 69 39 39
y=504 822 580 959 38 38 9 67 11 65 19 57 28 48 13 40
z=580 822 655 959 37 37 11 64 11 64 13 46 9 66 37 37
