textureW = 1024
textureH = 1024
kernBoxes = 6
charHeight = 139
firstCharID = 33
lastCharID = 122
spaceWidth = 50
spacing = 12
# CHAR=minX minY maxX maxY [kernMin(1) kernMax(1) ... kernMin(kernBoxes) kernMax(kernBoxes)]
\!=0 0 33 139 10 23 10 23 11 22 12 21 10 22 16 16
"=33 0 84 139 10 41 10 41 13 39 25 25 25 25 25 25
\#=84 0 168 139 31 69 10 74 10 74 10 74 15 53 42 42
$=168 0 245 139 18 59 12 64 13 64 10 67 13 64 35 42
%=245 0 357 139 14 83 10 80 10 98 36 102 28 101 56 56
&=357 0 449 139 26 57 21 62 13 76 10 75 13 82 46 46
'=449 0 481 139 10 22 10 22 12 19 16 16 16 16 16 16
(=481 0 529 139 26 38 14 34 10 24 10 23 12 30 21 38
)=529 0 577 139 10 22 14 34 24 38 25 38 18 36 10 27
*=577 0 636 139 25 34 10 49 15 44 29 29 29 29 29 29
+=636 0 713 139 38 38 34 43 10 67 34 43 38 38 38 38
,=713 0 745 139 16 16 16 16 16 16 16 16 10 22 10 20
-=745 0 798 139 26 26 26 26 10 43 10 43 26 26 26 26
.=798 0 830 139 16 16 16 16 16 16 16 16 10 22 16 16
/=830 0 883 139 33 43 26 41 20 35 13 28 10 22 26 26
0=883 0 958 139 22 53 11 64 10 65 10 65 15 60 37 37
1=958 0 1009 139 31 41 10 41 10 41 31 41 31 41 25 25
2=0 139 77 278 22 58 12 67 36 66 14 51 10 67 38 38
3=77 139 153 278 20 53 11 62 30 64 10 66 13 62 38 38
4=153 139 232 278 46 58 30 58 13 58 10 69 47 58 39 39
5=232 139 308 278 19 62 15 62 11 66 10 66 13 62 38 38
6=308 139 385 278 24 57 12 65 10 66 10 67 16 63 38 38
7=385 139 461 278 10 66 10 66 30 52 23 41 22 34 38 38
8=461 139 538 278 22 55 14 63 12 65 10 67 14 64 38 38
9=538 139 614 278 20 53 10 65 10 66 11 66 13 59 38 38
\:=614 139 646 278 16 16 10 22 10 22 16 16 10 22 16 16
;=646 139 678 278 16 16 10 22 10 22 16 16 10 22 10 20
<=678 139 755 278 38 38 36 67 10 60 16 67 38 38 38 38
\==755 139 832 278 38 38 10 67 10 67 10 67 38 38 38 38
>=832 139 909 278 38 38 10 42 17 67 10 61 38 38 38 38
?=909 139 984 278 19 57 10 65 34 64 32 45 32 43 37 37
@=0 278 131 417 40 95 18 115 10 118 10 118 12 121 26 111
A=131 278 232 417 42 58 33 67 24 76 15 86 10 91 50 50
B=232 278 317 417 10 62 10 71 10 73 10 75 10 72 42 42
C=317 278 412 417 28 71 11 84 10 23 10 85 19 78 47 47
D=412 278 503 417 10 64 10 79 10 81 10 80 10 71 45 45
E=503 278 587 417 10 72 10 72 10 69 10 21 10 74 42 42
F=587 278 665 417 10 68 10 68 10 62 10 22 10 22 39 39
G=665 278 764 417 29 76 12 88 10 89 10 89 21 89 49 49
H=764 278 851 417 10 77 10 77 10 77 10 77 10 77 43 43
I=851 278 882 417 10 21 10 21 10 21 10 21 10 21 15 15
J=882 278 949 417 46 57 46 57 46 57 10 57 12 55 33 33
K=0 417 91 556 10 80 10 75 10 56 10 72 10 81 45 45
L=91 417 165 556 10 22 10 22 10 22 10 22 10 64 37 37
M=165 417 267 556 10 92 10 92 10 92 10 92 10 92 51 51
N=267 417 354 556 10 77 10 77 10 77 10 77 10 77 43 43
O=354 417 456 556 29 74 12 90 10 92 11 92 21 82 51 51
P=456 417 541 556 10 66 10 75 10 75 10 46 10 21 42 42
Q=541 417 644 556 28 73 12 90 10 92 10 91 20 93 51 51
R=644 417 740 556 10 70 10 79 10 78 10 78 10 86 48 48
S=740 417 828 556 22 66 13 76 14 76 10 78 15 75 44 44
T=828 417 916 556 10 78 10 78 39 50 39 50 39 50 44 44
U=916 417 1003 556 10 77 10 77 10 77 10 77 15 73 43 43
V=0 556 99 695 10 89 12 87 21 78 30 69 39 60 49 49
W=99 556 229 695 10 120 11 119 17 113 23 106 30 100 65 65
X=229 556 328 695 14 86 18 83 34 66 19 80 10 89 49 49
Y=328 556 427 695 10 89 13 85 29 69 43 54 43 54 49 49
Z=427 556 515 695 15 76 15 76 30 62 11 43 10 78 44 44
[=515 556 558 695 10 33 10 33 10 20 10 20 10 20 10 33
\\=558 556 611 695 10 20 11 26 18 33 24 39 31 43 26 26
]=611 556 654 695 10 33 10 33 23 33 23 33 23 33 10 33
^=654 556 724 695 28 42 17 52 10 60 35 35 35 35 35 35
_=724 556 814 695 45 45 45 45 45 45 45 45 45 45 10 80
`=814 556 856 695 10 26 14 32 21 21 21 21 21 21 21 21
a=856 556 933 695 38 38 19 59 12 64 10 64 10 67 38 38
b=933 556 1007 695 10 21 10 54 10 64 10 64 10 60 37 37
c=0 695 74 834 37 37 21 56 10 63 10 64 14 61 37 37
d=74 695 148 834 53 64 20 64 10 64 10 64 14 64 37 37
e=148 695 225 834 38 38 22 56 10 67 10 67 14 64 38 38
f=225 695 281 834 22 46 10 45 10 41 19 29 19 29 28 28
g=281 695 356 834 37 37 21 65 11 65 10 65 13 65 13 63
h=356 695 427 834 10 21 10 56 10 61 10 61 10 61 35 35
i=427 695 457 834 10 20 10 20 10 20 10 20 10 20 15 15
j=457 695 501 834 23 34 23 34 23 34 23 34 23 34 10 33
k=501 695 572 834 10 20 10 59 10 54 10 53 10 61 35 35
l=572 695 603 834 10 21 10 21 10 21 10 21 10 21 15 15
m=603 695 708 834 52 52 10 90 10 95 10 95 10 95 52 52
n=708 695 779 834 35 35 10 56 10 61 10 61 10 61 35 35
o=779 695 857 834 39 39 21 56 10 68 10 68 14 63 39 39
p=857 695 931 834 37 37 10 54 10 64 10 64 10 60 10 21
q=931 695 1005 834 37 37 20 64 10 64 10 64 15 64 53 64
r=0 834 54 973 27 27 10 44 10 43 10 21 10 21 27 27
s=54 834 126 973 36 36 18 54 12 59 10 62 12 61 36 36
t=126 834 176 973 23 28 10 38 10 38 17 28 18 40 25 25
u=176 834 247 973 35 35 10 61 10 61 10 61 11 61 35 35
v=247 834 324 973 38 38 10 67 12 66 20 57 29 48 38 38
w=324 834 429 973 52 52 10 95 11 94 18 87 25 79 52 52
x=429 834 507 973 39 39 11 66 14 63 18 59 10 68 39 39
y=507 834 583 973 38 38 10 66 11 65 20 56 28 48 14 39
z=583 834 658 973 37 37 12 63 12 63 13 46 10 65 37 37
