textureW = 512
textureH = 512
kernBoxes = 8
charHeight = 69
firstCharID = 33
lastCharID = 122
spaceWidth = 24
spacing = 3
# CHAR=minX minY maxX maxY [kernMin(1) kernMax(1) ... kernMin(kernBoxes) kernMax(kernBoxes)]
\!=0 0 13 69 6 6 2 8 2 8 2 9 2 11 2 9 2 8 6 6
"=13 0 30 69 8 8 2 15 2 15 3 14 8 8 8 8 8 8 8 8
\#=30 0 63 69 16 16 10 25 10 30 2 31 4 30 10 24 16 16 16 16
$=63 0 94 69 15 15 10 25 2 25 2 29 4 27 7 20 16 16 15 15
%=94 0 134 69 20 20 5 34 2 31 3 25 8 38 3 37 3 28 20 20
&=134 0 175 69 15 31 12 31 12 29 7 39 3 37 2 35 5 14 20 20
'=175 0 186 69 5 5 2 9 2 9 3 7 5 5 5 5 5 5 5 5
(=186 0 202 69 8 8 7 14 4 11 2 8 2 11 3 13 8 8 8 8
)=202 0 218 69 8 8 2 11 3 14 8 14 7 14 4 11 8 8 8 8
*=218 0 240 69 11 11 11 11 7 20 2 19 5 19 11 11 11 11 11 11
+=240 0 268 69 14 14 13 17 12 26 2 26 12 19 14 14 14 14 14 14
,=268 0 286 69 9 9 9 9 9 9 9 9 4 15 2 16 5 15 9 9
-=286 0 315 69 14 14 14 14 7 24 2 27 14 14 14 14 14 14 14 14
.=315 0 332 69 8 8 8 8 8 8 8 8 4 15 2 15 4 10 8 8
/=332 0 366 69 17 17 24 32 19 28 13 24 7 19 3 13 2 4 17 17
0=366 0 402 69 18 18 9 30 3 33 2 34 3 33 5 29 18 18 18 18
1=402 0 425 69 11 11 11 21 2 20 2 19 11 19 11 18 11 11 11 11
2=425 0 463 69 19 19 11 36 7 36 20 31 11 25 3 34 2 30 19 19
3=463 0 499 69 18 18 9 33 8 32 8 34 8 33 3 25 2 12 18 18
4=0 69 34 138 17 17 6 27 4 25 3 32 2 32 17 24 17 24 17 17
5=34 69 67 138 16 16 4 29 3 15 4 31 4 31 8 24 2 13 16 16
6=67 69 104 138 18 18 9 28 4 26 2 35 2 35 4 33 18 18 18 18
7=104 69 143 138 19 19 3 37 2 34 17 27 14 23 13 20 13 18 19 19
8=143 69 173 138 15 15 6 28 2 28 2 27 4 28 4 27 13 20 15 15
9=173 69 208 138 17 17 5 33 2 33 2 32 11 30 12 23 12 14 17 17
\:=208 69 229 138 10 10 10 15 3 18 2 15 5 19 5 16 10 10 10 10
;=229 69 248 138 9 9 9 13 2 15 3 16 5 17 5 15 8 12 9 9
<=248 69 275 138 13 13 18 25 10 20 2 12 3 22 14 24 13 13 13 13
\==275 69 302 138 13 13 13 13 2 25 2 25 2 22 13 13 13 13 13 13
>=302 69 330 138 14 14 3 10 2 23 14 26 4 18 2 9 14 14 14 14
?=330 69 358 138 14 14 6 26 2 26 12 23 10 17 11 19 11 18 14 14
@=358 69 395 138 18 18 10 32 4 35 2 35 2 31 3 31 10 19 18 18
A=395 69 439 138 22 22 12 25 9 29 7 34 4 39 2 42 3 39 22 22
B=439 69 474 138 17 17 4 33 3 32 9 33 10 31 2 21 17 17 17 17
C=474 69 508 138 17 17 9 29 4 30 2 11 2 32 5 27 17 17 17 17
D=0 138 37 207 18 18 3 30 3 35 9 35 9 31 2 20 18 18 18 18
E=37 138 67 207 15 15 2 28 2 26 2 22 2 28 2 27 2 3 15 15
F=67 138 100 207 16 16 3 31 2 17 5 27 3 13 5 13 8 12 16 16
G=100 138 147 207 23 23 9 29 4 45 2 39 2 37 5 37 31 36 23 23
H=147 138 183 207 18 18 4 31 3 31 3 31 2 32 3 34 4 32 18 18
I=183 138 209 207 13 13 2 24 9 18 9 16 9 16 7 22 5 11 13 13
J=209 138 244 207 17 17 14 33 14 28 21 28 2 29 3 27 7 22 17 17
K=244 138 279 207 17 17 2 33 2 28 3 24 2 32 3 33 4 10 17 17
L=279 138 316 207 18 18 7 14 7 13 6 13 3 13 2 35 6 13 18 18
M=316 138 355 207 19 19 8 31 5 31 4 32 3 34 2 36 2 37 19 19
N=355 138 389 207 4 6 2 29 2 29 2 31 3 32 4 32 4 7 17 17
O=389 138 426 207 18 18 7 33 3 34 2 35 3 34 6 28 18 18 18 18
P=426 138 459 207 16 16 2 30 2 31 4 28 5 22 4 10 4 9 16 16
Q=459 138 495 207 18 18 9 30 4 33 2 34 2 34 4 32 27 33 18 18
R=0 207 31 276 15 15 2 24 3 25 4 27 4 28 4 29 7 26 15 15
S=31 207 68 276 18 18 9 31 5 16 4 35 8 34 2 27 5 15 18 18
T=68 207 109 276 20 20 2 39 4 35 17 23 17 24 18 25 18 22 20 20
U=109 207 145 276 18 18 2 33 2 33 3 34 4 34 5 30 18 18 18 18
V=145 207 186 276 20 20 2 39 4 36 6 32 10 30 14 25 17 22 20 20
W=186 207 224 276 19 19 2 36 2 36 3 34 5 33 7 33 9 30 19 19
X=224 207 258 276 4 8 3 32 6 27 10 22 8 27 4 31 2 31 17 17
Y=258 207 287 276 14 14 2 24 3 24 9 25 16 27 16 27 3 24 14 14
Z=287 207 327 276 20 20 3 38 5 34 5 35 2 38 4 38 3 20 20 20
[=327 207 349 276 11 11 4 20 3 9 2 8 2 8 3 20 4 8 11 11
\\=349 207 380 276 15 15 2 11 3 14 7 20 13 27 19 29 15 15 15 15
]=380 207 400 276 10 10 2 18 12 17 11 17 10 16 3 17 10 10 10 10
^=400 207 420 276 10 10 7 15 5 17 2 18 10 10 10 10 10 10 10 10
_=420 207 450 276 15 15 15 15 15 15 15 15 15 15 2 28 4 8 15 15
`=450 207 470 276 10 10 2 14 5 18 10 10 10 10 10 10 10 10 10 10
a=470 207 501 276 15 15 15 15 15 15 6 28 2 28 2 29 9 28 15 15
b=0 276 27 345 13 13 3 10 4 9 3 25 2 25 2 20 5 8 13 13
c=27 276 60 345 16 16 16 16 15 29 4 29 2 31 4 28 16 16 16 16
d=60 276 92 345 16 16 24 30 24 29 9 28 3 29 2 29 16 16 16 16
e=92 276 124 345 16 16 16 16 11 25 3 28 2 30 3 30 16 16 16 16
f=124 276 155 345 15 15 12 29 9 29 2 24 9 17 9 17 9 17 15 15
g=155 276 190 345 17 17 17 17 17 17 9 33 4 32 4 30 3 31 2 15
h=190 276 217 345 13 13 2 8 2 7 2 24 2 25 2 25 2 22 13 13
i=217 276 229 345 6 6 5 9 3 9 2 9 2 9 3 10 3 7 6 6
j=229 276 253 345 12 12 14 21 14 21 14 21 15 21 15 22 2 22 4 13
k=253 276 279 345 13 13 4 11 3 24 3 19 2 22 3 24 4 23 13 13
l=279 276 290 345 5 5 3 9 3 8 2 7 2 8 3 9 3 5 5 5
m=290 276 327 345 18 18 18 18 7 9 2 35 2 34 3 34 4 15 18 18
n=327 276 355 345 14 14 14 14 4 22 2 25 2 25 2 26 14 14 14 14
o=355 276 387 345 16 16 16 16 16 16 5 28 2 30 2 29 9 22 16 16
p=387 276 416 345 14 14 14 14 8 21 2 27 3 27 3 25 4 12 5 12
q=416 276 453 345 18 18 18 18 16 20 6 34 2 35 3 33 26 32 26 33
r=453 276 480 345 13 13 13 13 13 13 2 25 2 24 3 13 4 13 13 13
s=480 276 512 345 16 16 16 16 18 23 4 29 3 30 3 29 2 14 16 16
t=0 345 28 414 14 14 14 14 11 17 2 26 2 18 11 18 11 18 14 14
u=28 345 56 414 14 14 14 14 14 14 2 25 3 26 3 26 22 24 14 14
v=56 345 87 414 15 15 15 15 7 29 2 29 5 25 9 22 14 15 15 15
w=87 345 125 414 19 19 19 19 19 19 2 36 4 33 5 31 10 28 19 19
x=125 345 155 414 15 15 15 15 15 15 5 28 7 23 3 27 2 26 15 15
y=155 345 187 414 16 16 16 16 16 16 2 30 4 26 10 23 12 20 11 16
z=187 345 222 414 17 17 17 17 26 32 3 32 10 33 2 31 17 17 17 17
