textureW = 256
textureH = 128
kernBoxes = 1
charHeight = 26
firstCharID = 33
lastCharID = 122
spaceWidth = 13
spacing = 6
# CHAR=minX minY maxX maxY [kernMin(1) kernMax(1) ... kernMin(kernBoxes) kernMax(kernBoxes)]
\!=0 0 8 26 2 6
"=8 0 18 26 2 8
\#=18 0 32 26 2 12
$=32 0 45 26 2 11
%=45 0 66 26 2 19
&=66 0 84 26 2 16
'=84 0 90 26 2 4
(=90 0 98 26 2 6
)=98 0 106 26 2 6
*=106 0 118 26 2 10
+=118 0 135 26 2 15
,=135 0 143 26 2 6
-=143 0 152 26 2 7
.=152 0 159 26 2 5
/=159 0 170 26 2 9
0=170 0 184 26 2 12
1=184 0 194 26 2 8
2=194 0 209 26 2 13
3=209 0 223 26 2 12
4=223 0 238 26 2 13
5=238 0 252 26 2 12
6=0 26 14 52 2 12
7=14 26 27 52 2 11
8=27 26 41 52 2 12
9=41 26 55 52 2 12
\:=55 26 62 52 2 5
;=62 26 71 52 2 7
<=71 26 85 52 2 12
\==85 26 100 52 2 13
>=100 26 115 52 2 13
?=115 26 127 52 2 10
@=127 26 146 52 2 17
A=146 26 163 52 2 15
B=163 26 177 52 2 12
C=177 26 193 52 2 14
D=193 26 209 52 2 14
E=209 26 222 52 2 11
F=222 26 235 52 2 11
G=235 26 252 52 2 15
H=0 52 15 78 2 13
I=15 52 21 78 2 4
J=21 52 32 78 2 9
K=32 52 48 78 2 14
L=48 52 61 78 2 11
M=61 52 81 78 2 18
N=81 52 97 78 2 14
O=97 52 115 78 2 16
P=115 52 129 78 2 12
Q=129 52 147 78 2 16
R=147 52 162 78 2 13
S=162 52 177 78 2 13
T=177 52 193 78 2 14
U=193 52 208 78 2 13
V=208 52 225 78 2 15
W=225 52 248 78 2 21
X=0 78 16 104 2 14
Y=16 78 33 104 2 15
Z=33 78 48 104 2 13
[=48 78 56 104 2 6
\\=56 78 67 104 2 9
]=67 78 75 104 2 6
^=75 78 90 104 2 13
_=90 78 105 104 2 13
`=105 78 113 104 2 6
a=113 78 127 104 2 12
b=127 78 142 104 2 13
c=142 78 155 104 2 11
d=155 78 170 104 2 13
e=170 78 184 104 2 12
f=184 78 196 104 2 10
g=196 78 211 104 2 13
h=211 78 224 104 2 11
i=224 78 230 104 2 4
j=230 78 239 104 2 7
k=239 78 253 104 2 12
l=0 104 6 130 2 4
m=6 104 27 130 2 19
n=27 104 41 130 2 12
o=41 104 56 130 2 13
p=56 104 71 130 2 13
q=71 104 86 130 2 13
r=86 104 97 130 2 9
s=97 104 109 130 2 10
t=109 104 120 130 2 9
u=120 104 134 130 2 12
v=134 104 149 130 2 13
w=149 104 169 130 2 18
x=169 104 184 130 2 13
y=184 104 199 130 2 13
z=199 104 212 130 2 11
